1H8nBvCykMwM4sMqXNcbYsJZgptFTDyLFu,0.,1,231832
1Nus4sbdE4HzePRnZ9bfVnqPbC6Jw2zKwa,0.,1,231832
1Q2VDGUUQ6CmJFnFh7qzKBQirQMg1g99AJ,0.,1,231832
145fU6Dg2nRozWZEyVYXu5A4DKYLwmmFHM,0.,1,231830
17cd7p93V9NjcY27onURewHmXgYdXrfHqC,0.,1,231830
18KnjTuvowuiV4vCkZmbL2qbn5Hb3kzuqZ,0.,1,231830
19mrfwPDXPT2ZFrak9ZLxZHCTCUaDiv6yE,0.,1,231830
1DEqSNCXzkkyYiNkaLg2s9LxaCrTc4hY6q,0.,1,231830
1GQ2jKUm8kMV3YiEZfUmFmgVaN99yWYZtk,0.,1,231830
1Gjz2Y6bNo8zVRUEYPgopxwbhLmVRKEf6Z,0.,1,231830
1McemS56qo25hAoceMrWaooYtEPoKB8XJs,0.,1,231830
1Grb7ucQaCkg1U5xNtbhvymRCiwiLeP15E,0.,1,231829
14N3KqcN2gEfgp8gQh2TiCjuRP6EBB6dRc,0.,1,231827
14ZFbHZn55xvFpQourXVPVAdjMwmjPcBQd,0.,1,231827
15Th1ix4A8cxFprESXkbx9Y93qZpbbteWU,0.,1,231827
1DGbr2mJ4orQNfLC8KQvmuPXUBdfUARi6S,0.,1,231827
1DajcVpZVrvbMT7nrDbfE8uwJWnruYkY9H,0.,1,231827
1Dwq4hhT1vXryLoQnxF1vPZWnez9TisgsF,0.,1,231827
1FGuoTJamELYFh2WbVaJsXp2Kng7GmaerC,0.,1,231827
1GbHkF6jpKqsDn6wh8rrVT9AisRQpnrsci,0.,1,231827
1HMYct95HuZ2qivgEDXG1138Wve24DAsV3,0.,1,231827
1K2KgekSPcnS42xfrYSCcMnXUYCc4SYsDV,0.,1,231827
1MQQCcgrieHHDq5Yvn1BLm7kxKx6gfF8f6,0.,1,231827
1NLFGnNfzFZ1QXUvmaEvLPkRYnZwbwRech,0.,1,231827
1PpASHCPR5poNX9eCJAocMkNj5mu7tFizw,0.,1,231827
17PUYcJURPbvaHHgSv9XyTfQPm7DoGrjvr,0.,1,231826
1BahZEP6FXonPcRnVSACrCANCRevVTjiP9,0.,1,231826
1C2DVgVdFUJdtnJkBpmceiVsw1fbMBQGtx,0.,1,231826
1Kenu7Ay6sYsLgr5A4AdQMhHcwwvcqbyJj,0.,1,231826
1KqmPpfwyGqrzsB8y6MDnUpjtjkyEJUCjx,0.,1,231826
1v97K6u6KytfNx3ppqogkoWvvq3tbPLc2,0.,1,231826
19gYg5ZsEywnutnV94J6gkmQYs4UEAghtP,0.,1,231824
1D4LBmJqFQLeJLNF5iPXCwPJjFKysaDGoX,0.,1,231824
1DrBK3msMKubvTJE37tHyascPmu3PtRPNe,0.,1,231824
1HvDs3kUz6mFeGLfKdTCGPQ4fZtPVwvbtF,0.,1,231824
14pFB3kzdHjqhZeCkP8NpWVzWgjwvXdcfv,0.,1,231823
16j8zcQtn2akzDXmWMYd1DBYEkkzyN1w5q,0.,1,231823
175aD1DPhGTD12WvPayKXNzuAK3QZphZpt,0.,1,231823
18pt4SjvULCkpNw2cop2d9sMoNZuYJTy4q,0.,1,231823
1E8Rkk1tTdRnnK9LiCi93FuRLfKS3VpFsP,0.,1,231823
1FhiTiN9HBkpyvXqk3MS9VbrBggQoNpy9P,0.,1,231823
1Mz1wKVsVLcHVMayGrfpPVVdYe9EnHpNmi,0.,1,231823
1NcTNKRjadCrnQQB1LzgSwPeuZVwNAkBqB,0.,1,231823
16TrVaW8jiNKc3jNnEBuTE9rFGuxHW8Drh,0.,1,231822
186guYLpJrmyTsg8qJQNhd26wNjo6HG9QF,0.,1,231822
19BEYmXfshESuzaCLhXevtJuqyimqmN3ht,0.,1,231822
1EwyoRU64KzBgeDF1Ks6E6Eo3ABqGeqbR1,0.,1,231822
1EygZQdDzZK5JukMmeiNNn8xYz2xVpnmnp,0.,1,231822
1Hsq3WHiiddMKBrnJz9a41ncA2ELXQcFLP,0.,1,231822
1KsFiCmU8EYPVYQWaqtqUWPqTM4rkuPCf8,0.,1,231822
1MYcoJrEiMRe93d51wRm3CwEBSmBBdWLtr,0.,1,231822
17dB3bSggM1AMdixeA4FsMwcTd2zDJoAuQ,0.,1,231821
1EqTSVbwiNN5g8M5ZQDvBphoBLoUTHJmMq,0.,1,231821
1FQt9UakyccByw1SsngxWCvL9fCXFPJGEw,0.,1,231821
1HNoU5gg7J3PE8B4t6QmnSrvWvLKXNt3ya,0.,1,231821
14hBx5mWbi14ipEr78XPWKE5EqCgX2xm9E,0.,1,231819
162NuYWab5XPfnYhZsvaFE3pnzDTp9VqFn,0.,1,231819
1CnWgctDeqwsKWUV4u9sLd8iMdRk6m4XD2,0.,1,231819
1ErqNY9hp6Pr5HSzdd1rWyUYpSni5HWvxv,0.,1,231819
17DvHoB5o8j7xCpwJGUuyUzZDKK4QaW33C,0.,1,231817
18Dzo11TtB3gJA8kNWCJPg2u9RZSixztAJ,0.,1,231817
1BwU5qUJx6Tk5uNAffizHH8LH7jnyLVAPe,0.,1,231817
1CjDL4GXyufq9VZqn1H3MaSJCJWYbRNzg6,0.,1,231817
1D2H2K75Z8Sx4AXjVF8teDi47uMsCSVm8t,0.,1,231817
1HduhzKC318baYchwGXQir8Vq5YHEZDArn,0.,1,231817
1JnVrWsYkGMwNSdAdprZztWgrKoic5MVJ5,0.,1,231817
1PughWMobDrFgfw4N5uVYG8DEYKLMcbtyQ,0.,1,231817
12Kn9R7jMDUfFWYR9ioUVNfhsKhG2yQdRu,0.,1,231816
13Ez66rJRm2WJWJ7wEXGvQoB1EXrvSqR8b,0.,1,231816
19a3emZmkHhmssUuiGKw2GPbdMKrwc2D93,0.,1,231816
1BSApxgwkcGXA3JFvxuVWszfWJHY53AjyB,0.,1,231816
1HkZWZgoLB6UTFte5WGs7Hhes7k7Cs5otH,0.,1,231816
1JjR2iryDAtfMfMCwrxyYLMyfvv4vkYFKu,0.,1,231816
1CCxNmJxDPJtTQFspGMZzi1dNi8qG7yuQq,0.,1,231815
1Cutz2K2QbwRCeUJaKayk2pYD96MKmCDTm,0.,1,231815
1HouhoeRXJ5aWXShdrNuUUXDJExK2qtUAB,0.,1,231815
1Q3SQrSBV2EYyVe4uf6EPzAUsUUKkDbFUJ,0.,1,231815
138jqpWMkGqjcuPMogy2xvDdAxCMuAfnGr,0.,1,231814
13tZGpmnr4X5wvbHkhTDTYwL4hTGRV4Hcu,0.,1,231814
18ThbKEvbjXdv8tBjfZcRgdqCH3K6N11FA,0.,1,231814
1EJYaF4rGhnntVEAUqC1ztCx3vTy5Y3zWT,0.,1,231814
1EQ5Um1txaaiBCd2dfkL7AiyCUK7fmKsEb,0.,1,231814
1GVdNKNmhuggL42iXtb8QbJDtrSGFVrKzJ,0.,1,231814
1K3Y7L2YYnfvv9tZSWQR3uCVTtjYc5phpU,0.,1,231814
1LUiyH4A7BRuP5URZFVPqgYgHXpJcQAEMh,0.,1,231814
1MaULuoZMsPkunrqbvRUAHvBag88J539Uk,0.,1,231814
18msJMzyxNbkwusA1VCep6Vq9SQGvzezgA,0.,1,231812
1GHJWwQizpWiTMquvECRPbDpme6pMX6RUq,0.,1,231812
149zTCANXJzJ28YVoxeLv5RubCi7xLynkn,0.,1,231811
14ouYY55hvovABU9HVGnumDtuUKX7bnVx4,0.,1,231811
17EwhVHTWeVXrmVpdbdC3oAB69svz4N5y2,0.,1,231811
19V9txvKyw2YVUiaUWRZZ32bDWq9hMWehr,0.,1,231811
1Ci2ArEuwcXoeHnbSboZsSWnhLA8Vw6T2,0.,1,231811
1FcB1jStdwWdZmoBHN2d5LHRCfaE9X6qG2,0.,1,231811
1KfBYLykgjZMgCTKiPz6ikCH2fpPbaiWAS,0.,1,231811
18SiYXHM3vxkCCmwDS5tEoJAhmGXUYreJY,0.,1,231810
1Pc5dcBBVRBPkmdLiuMYa5jjBThMjW4urA,0.,1,231810
1Q5WxrKAJMqs5nkpomw5CZWRuzdRqzj3Aj,0.,1,231810
13mw1gWCRAzENqsMW32vwvfeg5DTB83zcP,0.,1,231808
13optQG3hcLe6Zoc46AFNvbmm6QqKrsGq6,0.,1,231808
