1A6tfGf73VnnbwrAi62vVnoMht4Cxj7TLQ,0.,1,292329
1AC26ZZR4DJDdUbyBVkGocZwuokbF7V9c3,0.,1,292329
1GHnPVBYMQr7CNSEDaFX5fUdHczqZMq2Ba,0.,1,292329
1CRT3ZZWJU3qAkh22SLVapJ6Qkj68FKzya,0.,1,292327
19HxATEWz5pEGDXMVzkHQoBdPAiJnbWf7e,0.,1,292325
1F7bRA3qE5QXRCQutvWwkK4pZXAxAdwVzA,0.,1,292325
13gKckCmdNzQZpNmfhNNDLobjb2t4DGsFw,0.,1,292319
13hrij6rMCCD16xqdsDYfMZQ9Y9XiTf45K,0.,1,292319
1NEeyhJbSTXwe1uviEjJvq5CZuzAM3EN9F,0.,1,292319
12dLnRgNuXMGG1qAFUXrn7676YBsn4B2zN,0.,1,292317
1MxoYW3GWQmMRELWtjRGdgisqFNm6v89Kd,0.,1,292317
19Pw9B8nymQesPrg3ao3Sq9tviFnTEnEXu,0.,1,292316
1KHsdCThYm1vyzruSQ7igBVTeiBzCWhMJg,0.,1,292313
14iWuzHbchkquhAWAgU7uyWeH7Q9Q64iAb,0.,1,292310
14yYXdG6uQcmXywAQ7W3Zvo8WFPBDG78Sb,0.,1,292310
17A75Fkw6DMeuGQewoVTr6Bd4fXkXiZP9n,0.,1,292310
1AnnDVouSYHdAPgYQTiePJVJyndjXbKjFG,0.,1,292310
1FbqBshL8xxEUFoiNJCmhxduMzWEdRZ66m,0.,1,292310
1G6kYYBVjGigN7WWpqa44cURG88f1yBfCj,0.,1,292310
1wV8mo4qEBBzfShuAqyLUcXzs57Nw5jtz,0.,1,292310
19hNE8tKF1tNh1wQivixWrwfGDCVRGbXXX,0.,1,292307
12xswnKgYLZ6HMmdRtaVGh1jh8GqGwpsPW,0.,1,292303
13swAoNfpLRzjE2StYf7d18SUVUiEtBLYk,0.,1,292303
142ZpQheesVk33hxvqzVGsKKhzEXrAyAxb,0.,1,292303
148unfapRZ9eME2pqMWCo1rY9b8R3kj1F6,0.,1,292303
14KgoSzs6q7feKYdzWFbYhTdGGw9f6yv2E,0.,1,292303
15QjPu3MZKVpoixriz3b95Tw9urjJw5YQr,0.,1,292303
1Aa3jEwzAxcgR4U3jMb3retNe2GnkHgEUF,0.,1,292303
1G3Fmts2FwtimDvormzMVsxT2otUrwgG6N,0.,1,292303
1HyuqQwAAnzJb9vUox13eeDV8AFL7WAyTd,0.,1,292303
1KDmH97aEkj6Ymg1n5wdfo2MmGRkGosvD7,0.,1,292303
1LvGFUypysi5zVAQ4T9vDoyYXyEo5Hz5Nr,0.,1,292303
1NC9EUJ5zfgCqZhYpkMc1NRJThpheCXFRg,0.,1,292303
1CgXSmMXRT7nza3FHqrHWv4p1MXKWcZDuK,0.,1,292302
1DoTucUYibYNBwmWoXJczaYEyqsz7SmyRE,0.,1,292302
1FRwd4zY6PnXnQaHNMz3ChG4AKw4zu4qmD,0.,1,292302
1FZb9K4mhbnU7TtJ6h8KmLVNGuNeXdBYL,0.,1,292302
13G46j1EpEophzcZTK2ZSRsAi1PhtFujik,0.,1,292301
1BjC2PqmoRrR6mL3KXSSwEiG3dZqeNKZqk,0.,1,292301
1KNkoctncBc4xaboHU1EDSjHzbHuRmyArz,0.,1,292301
1MojKcBiyahnBH6XSdAZ3F3oHUiTJGNVJb,0.,1,292298
1BnYKgpJTtguX7mbEi2kLExiBA6wECpXNZ,0.,1,292292
13HGFuS762FU3zAMq56vZyrBjHyRmb4qak,0.,1,292289
1CXBEzw6xnXoJNAMipL8o7B6zRTF6R7pe5,0.,1,292289
1JsNjtiANDsmb9NgdUPUyovyMTSQBHBjBR,0.,1,292289
1K4AkxSPUadMq6or4dpL9DiuPPvkMZtDDa,0.,1,292289
1RGyqJJPRgY875QSM2pm69vvDTFD9i6h3,0.,1,292289
1LyqdMKBVg6qHF5xrqyojNxUcnYn4SUaqE,0.,1,292281
1NATEqrVu4mbzLgAYC1eCqKUBu9eToQRdL,0.,1,292281
1AUNr7q2DYZzPjR6bkN8EdeWppv9wUybXj,0.,1,292280
1JNF8UN3qwV8ezf7k1NekWDczsuvGoVoRa,0.,1,292280
1DdC4uFp2X3WHFjyyRgYxuYXqUAkkn1yru,0.,1,292276
1NHsTeUAdnAxWeMCsBawhD8vFfJCAEKpDr,0.,1,292276
1HwbuqNPavHjcG1nNta52SHYZEbiv4az7d,0.,1,292273
16ZSwjvTrLQifXPRkeuVhPjRFteRHxL6NG,0.,1,292269
17v3Cc9aQUN6KoAMn8FV4JAy5g2cv9W6fP,0.,1,292269
1EdCHXWoRAcRe484Uyw6r2LvHnAipKNMJr,0.,1,292269
1431MyvkvULqCM4ncu75TUUH7NkrjCjHUG,0.,1,292266
1AavbLuvCKCv3B1jd99yY5FezZsvp921Y,0.,1,292266
1H68z9ie46PJd7v48aq4bFGag2wr3g8F2Y,0.,1,292266
12VFYmBRRaKQqZDBhXVGYMZEBnEQCKgw2x,0.,1,292264
1ACkHpmR7wbEkFFEuULbyXpTj4iB3v4VVZ,0.,1,292264
1HJAxQEUzPMctkMJdtFhi6A2G71BPDEUrH,0.,1,292264
1KmCT7TaKd88yUWKLQZ9ywQJHb7ncVNSSo,0.,1,292264
1M92Yjf7rTA8gYHksd9JNizrKVdaX67FxQ,0.,1,292264
13h9z8DwmHAWsEYAkZF5Giwh7wNv7UeEdV,0.,1,292262
133dykYAeqtBTa3TDkzPianaFtLDmiLHVr,0.,1,292259
13hrU6jm3DsUFcJYJGdgsDHu3fJPL84V8r,0.,1,292259
1L4m1CAnx6gECXbjbYSjorztUZ2c56TACe,0.,1,292259
1MTT3CN17xCVNvRtWK18zwP2mFpvFddLWS,0.,1,292259
1dnBZ2e8WZSiNYbpBomdJ6fWme4ws96nJ,0.,1,292259
1DiRaiscgWM1X31kT22ar18DsCfwuKW8VA,0.,1,292250
1BhaoQhjjnw39TjCeSrCawExzp1zkckR9B,0.,1,292249
1Dy4WAaBgAXzVAsArwZeHp8rFx4AvXnGZJ,0.,1,292249
1K29RwcEHPeMqGRobwswXCESwXekhR8gTd,0.,1,292249
1LkkJQpcf3W4ztkqxGKcE51BTtB5kz5p4v,0.,1,292249
19o711XGqcMVhn3pQ4XtULgvNo8cpabnYu,0.,1,292242
1JxPL9qtwME8rsasZ1b5kABgVrwsm2Aigd,0.,1,292242
1KNnqAoYwvjxPsDhnHFtQ4zF6MDAuaYouD,0.,1,292242
1FoDtdFcoicDxhesSDimtxFrLw7E5gRPgQ,0.,1,292238
1LtzgDPGWcoiRogBGmAk9Pef496EuKXZ91,0.,1,292238
1PNYo2gzHcGUZixEvJiMAtXW5FNgMYs54v,0.,1,292238
1PSXXMV2LPoyvrFfw1Y84aQw2nZe9TQ5HZ,0.,1,292238
1PtBonDT31pDidDyjJEFbjtF4UBx7U2MBS,0.,1,292238
15vru6j4WnmiB5v9RHS6E3hwvxzkxuDe5k,0.,1,292230
1F4XuX2g1aMYnqB69989nxah4CUJkGVY96,0.,1,292230
1MjYqS2YprRiYqU25qofGhgeqUPNxfHW8A,0.,1,292230
1Sy6ydCSapB3P5UhBp9ui2hsqVeWehFok,0.,1,292230
12yC9J1u5bJ96KstwGjYH1f8uzVVynWtJF,0.,1,292224
13ZW5Un8bUxjNpwHQu4CFBMXM2cSWnySMm,0.,1,292224
1AdfL3c6Rfp9eEhqEqe6n5CbWPXokumKhu,0.,1,292224
1GH3qkviyPRBKDVDk7tZ9Xvjugq8m5Ydb4,0.,1,292224
1LF1pUstnDDJxxLG511ixjMNfLxPuR16qb,0.,1,292224
1M23EStyo4foaqb3nmvjpVVSusJcVVFBFP,0.,1,292224
1M8ZGjcv5sES4eRAowVGRdMcFrPMxnakcQ,0.,1,292223
1PtNg38W1ohZYtYfRdahj2uz6vQMs2UmUv,0.,1,292223
1WGkXJ9QGy593XJB6zqT16YYv1JUR6o3V,0.,1,292223
12Uc147LjZFLrLgxmyRLhj5MXDbiQcNM4o,0.,1,292221
13QPxAC88buE7xz5DgoGvLyw4QUPRm8jxs,0.,1,292221
17vYAUyAP4aVkpvLaYiRzbS46MuH3AHbFB,0.,1,292221
