1Ccfm8ydikVSKFKx3kESN58K9B5ynMqABf,0.,1,378451
1LPL3Jtq5bjhVBmS1kh4oGNUba3JJW4HeG,0.,1,378451
1EHb9goXqozqqQJaS9Ae6osoFXhcrwAiBj,0.,1,378446
14fwaJTP9ggKto1sUpDEpH5XD2dnKKoQfR,0.,1,378426
1NYbUhKrQEoXsGsRLoCWG5yyJzGfGPJDx2,0.,1,378426
17NndPG51hXZbfk1ZBE8otfZXK13r8F6kM,0.,1,378412
17Zjkk7czZXZiWs4ZUdUjxsggY5hXiFvrr,0.,1,378324
16T65rdQNZQhFCezuv5Pv5PcvpF4osVVkZ,0.,1,378283
1GxrxwU1rgHWkVuKP77fyNXELSQAqwSMYu,0.,1,378283
1PBkk3DsvExLuFRAbTY8DA69PHKpfMb7xw,0.,1,378283
1BwAN4LC8EwrCS39ddEPF3cKBi7oQkjRU4,0.,1,378208
1AVs75GcnTFiyFEutUj8shRyXHMM5eEq17,0.,1,378154
1ENKi14aYMz5dR4nPAdpubWBMH3AiKahs2,0.,1,378154
1K249eUgoxzEMXXojrfX3UEaQvWV9b5t2Z,0.,1,378154
153jR5XRndiBPMzVhZ5MK9bEu2orMpeokp,0.,1,378143
17RHCc5h6AgbQaXejviXnhAgZY1k9b3j4g,0.,1,378143
18rSXvSxw2qsV2VQiLLpCh9VNoy86fB6un,0.,1,378143
1P8FmGRD4KnFg28vWXsMEz49Ca7kVF1evV,0.,1,378090
123yZuMz99e48suJiSaEEQ9ceFvzKHHhHi,0.,1,377926
15bmEKieYNhbVrX3PyEmdYY3kkCvApXbQE,0.,1,377926
198YNXrjSF4kx4JSGaauToocxSAQy2aUkr,0.,1,377926
1ATxaQQahh5B7Nn6iVXYhz8oFCb2mW5j3e,0.,1,377926
1GDYjKvHUtFnATa5SSjtAwBVn1oiNN63RC,0.,1,377926
1E6227MJxkbLJ3XwJ37z4KJiECprTkxEvz,0.,1,377918
1KtqkTC18jzBH8pqPUBEMudTyCeDtqVkq3,0.,1,377902
1MLtAm6poukGoywHvvpDhsm5rz3aJBuhbb,0.,1,377902
1EHWsqup5kMwAFFxvc9yaepyoj2o9EknnB,0.,1,377870
1L6gh977gg7Xz4rXCrXamJwLiHqCF2jnfs,0.,1,377870
124NRSmnpXrrL2Cu8EpTGUAB3USyUtHj1L,0.,1,377862
14JzHkM74mULfcdko6Aedxfzu1EKxWBgrg,0.,1,377862
163TvXEYN8DYQ7C1NZGuuJmYkn3t25T8Nk,0.,1,377862
1Gsf4GytK8wwhFAiYSgZ2qUEurVHTGCcXS,0.,1,377862
1KXyJo8uUFJCbHp8zhaF26StoDEnYpKya7,0.,1,377829
1853vob94ZQ2U9Yh48gT4SDP2TDmPoetfs,0.,1,377781
1GqXCe2dKifqx2M4PGdnox89SzA7tDXRhA,0.,1,377648
1LzkfYi262uAQsAyhcg5ShmDYB1YiKZLdC,0.,1,377648
1HBJDrYEwArzknPUMoVwuXebWMgXYgJf1u,0.,1,377623
16dxQ9WEHr4Mug6i7E67pvjMRJxdbwtWCg,0.,1,377616
12rECvbpeyFRZe1YvNGVLMUQ5LEVZnvLaW,0.,1,377583
1BTqrfaaJG4rgjPYfhDjExVGY7HKaT8T4q,0.,1,377583
1BKPwFcfVaxFL6ChjMK2LY9JXYqNZXT4VZ,0.,1,377504
1Erf6vLHeyr4PkvDdSY9MKfqWvHXVvdVjw,0.,1,377504
15MzQM5awb48qTQdYdNFcLonNdijSChQRU,0.,1,377447
16E3oxLdGcAjzEeLk2Gz9Q5pRBEiXiCXrU,0.,1,377447
1gVrG5fFASFnUBkcvZ11szcaHFUTsoi7X,0.,1,377433
1APZ7eTEvwHb1T8c277ZCjNM8ot6Hnecd2,0.,1,377425
1BKJao37PXFc73Ac3ei7J5djXfvtQHoH1q,0.,1,377425
1GgDwduH7gQtBZy1ZhBVqUjpKsy8LwGsBj,0.,1,377425
1MqHJf5Uy8GbHa6fMH2eXuuMQ35H3RXNZf,0.,1,377425
13BVpkfFwyLKw19gTbkeKpZ85Ws7UwbW52,0.,1,377336
1LmkyXwtFBoC4tXURgNXY3B6ywnjCMxuKX,0.,1,377336
1PBaPWc5iYKA5k2Y9eJ7LPV5bHfnUCSkVR,0.,1,377336
13WW2cEA3usdw6bQdaqNFuHaHTp9hy9jfE,0.,1,377326
1EmoTGFdaUmRfkYRQha88cZAeJb59VU8vn,0.,1,377326
1Jrck6PsAjfJ6WheDWDbmUssDPm6RBrsVR,0.,1,377326
17PH7hR4PVU1uUV849LcAfahJdmtYJgkD4,0.,1,377307
1ETYjptGEx4SCmdWK5PbbifqsLZzaEBVyX,0.,1,377270
14DvfwEhg74kwjHWc8nw3AUbPzrsXjHHrK,0.,1,377248
16tzJ1rEdgzjE96gnCcQZzR3VMqEioBgeT,0.,1,377248
18zUvAHMjEPwjJ8bwYCa875iiBw6Tne1pi,0.,1,377248
1QLbk8wdmzEnwg52SRqcgBN6U6orpvSDWB,0.,1,377239
1L8D719Z4WsuQT8SbSNf7hdYDz14tYw66S,0.,1,377161
13msgUzFEbfZqTZ8yNKxpjc9kvZgbpdMNe,0.,1,377160
1BFREgP55RZxSCjn5ccT1b6qjtjGrv126S,0.,1,377160
1HDZXJPDzbYfJmpBEdhqJnurV2e2fgAoAw,0.,1,377103
1K5PRvrrHV1yKCm1DyWPo4Q55BruqRgPZw,0.,1,377078
1NhXhU6gYaUZae9CJbsc9qW8yiAagAWKbY,0.,1,377078
13vLdiMHUn4WtspciCQW9qXmpCkk3AK9XE,0.,1,377065
1AMHD8zdumcqr9Vq84eLL7mqkaExLiKkht,0.,1,377065
1FcJNE4efKQEHPpKVXdRJhFmXv1kCRxKBw,0.,1,377065
1LPgE3ybBCTQppDEuxZBG8uVE3KxvnBvbR,0.,1,377065
18ShZhgdoCtN21Vn6Ap45wERuYHj8EKZV4,0.,1,377020
1F8dbxHyxdyXzKH32GGTtN57BEc6cCikVq,0.,1,377020
1Lzok8fgxCDqTB9ySW5v8xXzvjNMfF1wPP,0.,1,376868
1NiyXRyRy9y4JfJpze4GGH5Sy4K5WSqh8H,0.,1,376831
19XstVNLQqm9LD9GeLQaNjrkpsgubERybm,0.,1,376804
1JZkaCr69zVx4fyXmX6RFXharPBLBBEKyF,0.,1,376801
1PdsqXXSd9ihsA6SLGoiV3tWbd8R61hW2Z,0.,1,376801
1FJsbGNhrGBaFeMdgCq68C28phz3Cqgk3b,0.,1,376729
1HJcEgkYnfMFDKGHRoUAYJM9BE3f3cf6Kg,0.,1,376729
1Bk4chPqsKiovFx2FvXF7aT4o352A5c6gG,0.,1,376699
12MHhVELcGMdknFa5NfH6PsbymZnCWXSac,0.,1,376635
1AJquK8ZyCszxFmACr8gGtJbAQD4vn12R5,0.,1,376635
1BRjTwsBxwfSHDYnaghte8FEoeqCc5UQ9B,0.,1,376635
1CMhVwjGruwSbeknxoRsBrPAvS5gQ9vxLE,0.,1,376635
1GV8hhqN2w7kNSdDqtSJsLGm2xKDFRDqGc,0.,1,376635
1NnbQpnLjAf9NyYCpeEavB61yMrStpupvF,0.,1,376635
1NwjkXjhJgHggFKUZhQijBeeMPKqNrdSC9,0.,1,376635
14iiYsaVoP9HpognkG2gGgTdGJMHFCuVfq,0.,1,376606
1QDrDGq2NSnAeETsLL9QsvUwEboSdUf4Kb,0.,1,376606
18ni9Qi4FDmBadbeTNXodnfFfp6R7CEpb2,0.,1,376540
1EosYhxhSjZennxeQLicg2BssKPq8JGJ4h,0.,1,376537
1BmgPSp2iRqhuk84Gqq5oEoohiV4zU3LsP,0.,1,376524
1BZrZHt4TqtNEqmGEHhd8m7qcysCtB3E7s,0.,1,376512
1BoYVhuuht7EGSmxY7SmyqDCeRu8Mwpi5U,0.,1,376512
1HNuJrutRotJAqSbNFPVDr2Cyubrjrr4Pf,0.,1,376495
1M6gGYycadUxcfYFLqVmPCaxMkw9bdK9EB,0.,1,376495
1KdAT7epeKaeqxgr7gSQ2tv5QUZM6ezcmg,0.,1,376441
1KxBg8PMgjK3UnREYpnVjUiMu7V1Rbogh4,0.,1,376441
1LzvWDYTynkcvrsQjH9EdcKF4W574sGYFc,0.,1,376441
