1C3KL9TaYfozfPNRpjDWubHTpTFLzNW3qr,0.,1,302222
1CxvxQrNdhNHV8Lfgkfkn3BtFtS5StgwGy,0.,1,302222
1DNmHGEKDznqTx4H1TweGNQgGmo5mat214,0.,1,302222
1FSXkumLehGah8mppDktFiiZ9m9wXr5XTd,0.,1,302222
1GNnbSsyxg11nBosiZKQw3g4tLD5SBsr4J,0.,1,302222
1J5p3kzNnkxXmeGycf5UCbSPUPEAH6My8E,0.,1,302222
1N73EgH56uTkTYHLiszggDviu9FxTwYy97,0.,1,302222
1o7LhqrQo3AbLJHB7p3R8a4ub9dEdighe,0.,1,302222
12pVoPTyi6YHeQdYKVvvHo47L3RCJjdC6J,0.,1,302221
13NMrP7JENRHP7Zop6QZ6xLshVKbREWG2U,0.,1,302221
17AnLwFYt1S6ZBP1m4pfVFrqTjfd1Wje2P,0.,1,302221
18jxgNon5BBwA1qiHxYtb7Zw13v46d59PZ,0.,1,302221
1EEuc3ar75woTVW8KvfvcdePbZgxeYV2c6,0.,1,302221
1EKbU6wenUrfaw9tBBsv6w6MsLMCKtyzWr,0.,1,302221
1BjscL1mE2Ju9hFZU5XyE5R7kzMiCmLGd,0.,1,302220
1PVPdM1RF5ZCdzZSaRDCLdwRgYkFMnRbx5,0.,1,302220
1Q82kBHttN6iCHjKu1Dbq2VNCCD82Z4nux,0.,1,302220
13bb1KiSbGtZFSigHQqnwbXLxaTfcagV1j,0.,1,302219
143uUBrEaqadnqWkxmMUC6W2NGfFEFAQz4,0.,1,302219
15hQMo4v6G3HSH8aNEui1H8yMz5FX4xJpX,0.,1,302219
16bPCq7pTctxnjjStGDqEk5SGh3atT5o2M,0.,1,302219
16sKovuKXybzWw8HcHykpWUm3WUYdABn6w,0.,1,302219
18GNWDpi6tAQLSW2CMcS1DjvReryin2avb,0.,1,302219
1AMxb342dM5TzEkEwm4fCZZfmwoVHNDygb,0.,1,302219
1BqHuWSm4ZJFkSP5Qof6SEqsdBrinGTKEi,0.,1,302219
1C3gD4NeeXuqA2k5CgWpKizZb9fyc1nVms,0.,1,302219
1Ek5uc2C2dWfji8wfi1FZ8SKKzLm5SzaHV,0.,1,302219
1GkhW2axt98V8vqwze69XpAUPTPkZjHsZ7,0.,1,302219
1HpecjxMtnyjRDteAuZAW1vVEmosVSiECN,0.,1,302219
1JXzRJkgzos5Sui8cJG2CuyESMe2tuBbzn,0.,1,302219
1KqFGZYEWTeua5q4jGPKRjftGXt5GwMVDT,0.,1,302219
1KzsdByfuuxsAiVghd6VkETVhRHkM2LHSp,0.,1,302219
1Ms9NhpVhsjmeAk7N9X7MSAFVj5M5o4rkY,0.,1,302219
1BwfvCVr1eUwRNAE9BLcoWmAej9pLnMAU7,0.,1,302217
12UayGqYSigHfd4qfTUzgKHMKQjBdt9pHg,0.,1,302216
161a5grQucUgPz3xdjZnCX5ZFWQrhzj9E7,0.,1,302216
16VTwPmuCZYcTEjGMU8SpJ6zxb4djfpHK8,0.,1,302216
1BTxofSSH92gqW7yuyKG8f3do7iZEACejP,0.,1,302216
12FKvQmj1uedvRSt9k48G6LYJWcmQ1LJeL,0.,1,302215
17RMSqnRsRZKrR998XwS91Jvg6ndxBTz9j,0.,1,302215
1961vys5fbSzJFjvEVGgpeS3mRFAEWrwRK,0.,1,302215
19SWr3mvYfpkzzsNDo2ef9MhcSwq4RESht,0.,1,302215
1Dx9swaUdQYvKr99EDVbFKSxkXFD5u5GNR,0.,1,302215
1GwBkqczd8QmuDUtyrVQxY9Q8NirNC3t8k,0.,1,302215
1QCUzxCcc961S2Gk48QP85KfxhFKMsvYxo,0.,1,302214
18V5aMzyq8iE6YYeK6in2wi4VyByysbWV7,0.,1,302213
1AqkNFQApV1CPNfxteFqn6sMJUQszrQxuA,0.,1,302213
1AxgyU5kpB8fzAXsVW3Hg6QNUGyqyR5iCU,0.,1,302213
1DTGskUdd8NZD6vjq7i3rsB5W9L3mSM5Bn,0.,1,302213
1Ej1LJbnzCwZMoSLLWBfJF6EGx23JDzt5S,0.,1,302213
1HFMz4tdYRiHLqU4yjm1kpXmGFe9jDQcsa,0.,1,302213
1LZ3N42gWgNbkiuKDsqzeJ7x6roXuvUJfE,0.,1,302213
1Po3weDoL6FHaKR14R2cNfo79ecmezdVmS,0.,1,302213
12A4H2mYjeJi2KrryQzGkCyGsHTcNwNQ8d,0.,1,302212
13gRiqQpASHM4BHXLdxMDWg8bRs37qZZ8h,0.,1,302212
13xHgdeSJqS37A5KtyqXNy8vVKmsZkTmhL,0.,1,302212
14VGh1keuoMLBN8Ls7KjfR7d5nwdyqka7x,0.,1,302212
182Mkkpc76CDhFj6kwn2A3rpQSRnQm3YSZ,0.,1,302212
192bYEaFvJBrVfhKgpdfTToHXngGLuk7Fb,0.,1,302212
1AFRpwT8tgBpNMZwhSLieei96zqfxytZ1C,0.,1,302212
1CiKLXAQfmKa3tuMcQF3sUaJ2pH7FiEeS3,0.,1,302212
1CmLXYUWAQv45fn7dP6HRJsdArHtXfDaEf,0.,1,302212
1DTpYsRtCf3NQ2De2KrjqcYJLotA79FcBW,0.,1,302212
1FArGm4CWCUsisdwaCbAm3iQsbeTCm5VCX,0.,1,302212
1Fyw8vszhRumu7QdQs7m34fLbC9AmBsk1r,0.,1,302212
1HWsALhUMPiKpy9YsRZ6K5Yy8ZHG8TZExe,0.,1,302212
1HX7vSArLHZSHaCcr66jgBYGmh6eK6bQWS,0.,1,302212
1J1w2Aa4LcNB2d3rRTNSHM7c2kTzA14jrM,0.,1,302212
1KR38eLt6mrCqEKUEpbKQXY35a9Hq66FD6,0.,1,302212
1Kz4jU6Gcm25gXAjNNUUq8b2SDFT4hcraT,0.,1,302212
1MdYVovNoAz1NrSyqxuvXqdLsSUC3bgHW,0.,1,302212
1NXUnurcWTrwAd27jyP8pKTK12ebw7hhye,0.,1,302212
14eZ8zQCeibCp9J2p4c1P9QJmF4ooCaCBR,0.,1,302210
157qbMTMh6RvBcWhTQNU3CfURcbWxmnRLE,0.,1,302210
17Dtpa5deNTyGu8wxmPPisx4RFcYUKyhVM,0.,1,302210
18qAqPBuq5Yv3ZR9bqYJWaheuRaMPt6eft,0.,1,302210
18roHhq3e4exgTS6yHiorXkQF6ndKhTo4V,0.,1,302210
19hooNFbnnA39vZchKqbyfetmpiFfR91Ur,0.,1,302210
19ozypaiRHaC7vJRRwpGyZ9K8mJ7uPdAXP,0.,1,302210
1ATgC5w4iNdRJaLFhkABM7PTUYJ4eB2j71,0.,1,302210
1BgzB8BnvGFVrqyBJMxjvmL6SSqZ1gQdwP,0.,1,302210
1ChUnwngqE2bDvbbhGJ3L4bULDAx7bTtbi,0.,1,302210
1DEy5Cj7shKMxPRtCmBxPtg62eYQEyhU1T,0.,1,302210
1GAdbs8jF1tUsvUjVpt4reYHtJWAVc383Y,0.,1,302210
1Go5mgCqwT955j1MdnFLdHzpfWXvyR7Jgb,0.,1,302210
1KtEEeGZPgzHKDBiGjPPjcERsbi33JZj1s,0.,1,302210
1dfDJcwcmY1RqiEgNnHhdEyg918ewX3wH,0.,1,302210
15SC1yYnSb92HXcd25KGUTFt5FY7g9J8RU,0.,1,302209
15utvJPFeH5MuGhYGk4gdxP7M5Q15ReswA,0.,1,302209
16gXT1z13UeDVzB3kVPiZN4NGPAotxgCc2,0.,1,302209
16ho4VMy6qgDBBWCdRXE3pqSezAFap9bzt,0.,1,302209
19cksvag1D6MBg8nTQGN6cEEMJgLAo8BHY,0.,1,302209
1AxNrS4nnidSRtgYb4TYntyWRcbSZZakfG,0.,1,302209
1BAS22rTphnViWU1LpaJQdZUC2TSjybftz,0.,1,302209
1DUXp6Zpaz2FGvbHjmwXwJimrMRyaT7YUD,0.,1,302209
1DoqVcFfBrpWYY1gKGLDJvZ191o3gwBqV8,0.,1,302209
1GwLxziFgjTq3eZeD8qoYVMspLnKi1xb8q,0.,1,302209
1HJVrbCbLHShdgRuHvHxPqBJbZzGnFiGZz,0.,1,302209
1HZsLtecPyQiX35j4gdDoEFS2nPDNeR996,0.,1,302209
1KEKXKvCMSZWMj8NC9c2BwJpa7nChQfyDu,0.,1,302209
