1JYu5RrJtYLVPjUn59Vsvouj45CAMXJ7pY,0.,1,285943
1K9Hy5z81ZRk9x4RYNzPMmwzmbYsNZ7jPp,0.,1,285943
1KcR3srd2c31EQTWL61X1VykzYffiLdosg,0.,1,285943
1MpsGU99pL8t3TiwYj45HPy1mF5kNsgWth,0.,1,285943
1N44oyR2S9gethTiQcsvj5Cb4ybtj8d3YX,0.,1,285943
1NdXJa1RKQ2rZ8JSGQwt6TTxZhhswpQ86a,0.,1,285943
1PYxZF4NjuJqt7TjSJFe4QFZVyadqDUbSj,0.,1,285943
1Paq97v431Fim163xdZ3SNUYaVbuakKQ7y,0.,1,285943
1PvU71qpnAgpncALSqiztFarqvxbVU1Kp1,0.,1,285943
15A4f1CUSfdUXAKpqP1SDiuhvZwwrq9CaB,0.,1,285942
165UjSB7czbAo6fSWjvpFwnHifL29Z5TWn,0.,1,285942
16S11kwAaw926uD7FbcxSZyNUKV4DTfvam,0.,1,285942
17fo7M2Tfq6s9dvKo75U2ypmKH7jukzz48,0.,1,285942
17ysn3beybiyVB6bWzK1B8MMNt4dqMc4yV,0.,1,285942
181hdbo2tyX9ivNytgfqHVm4iqqKRszCcU,0.,1,285942
18fafdiT9sk8SjUQMLfGM3uwZqH6BsTwUY,0.,1,285942
1B2Uj6UpZ84VoqgRaAbb3WiBNoNNgq44Vz,0.,1,285942
1JXEdxNCK7wKpNbpDkEYgb5d2fAPtPczZa,0.,1,285942
1MUryqRY2wp7eqRd1weRZeeTYR6YvBAjif,0.,1,285942
1MpYVyXoHUVVznC7fLwY6aY9zjF5GXTf63,0.,1,285942
1Pit9PVkRDfGBEtUKTSS5dsZjSwsASaiDa,0.,1,285942
13coeSdnDWbgjU6xNSjYwcXYfDs59TSg9Q,0.,1,285941
1EUvVWsJvUZmWSxGZ97h5DtijYraaYSJiw,0.,1,285941
1FD6xwHirEjDSpUA3MZb2ZUA6eroUjyhJC,0.,1,285941
1LbQ7FJrh3j6MffvUzsji3mtQiwa6k9bj5,0.,1,285941
14ctgx3GZwupAa14zzqj9UjvZzcdLnNTGP,0.,1,285940
16c4Pw5TikpiuKFEPCwuxJyGChGTB9VC6X,0.,1,285940
17JGV7faF33hSQF3VhZq64htzuVS6XgSK8,0.,1,285940
1AdDsVw9AFihrzxe8ewmijHjgS7vbmifBc,0.,1,285940
1BGoDn7zjeXeQ8ViB1Tb77Ct1uSTTqAiiY,0.,1,285940
19AmGdNpt9xXfjkCQFSN58YbmXeovsYLSB,0.,1,285938
1DsAfHPoBPQnQZWSQZeFE8C3tR3i9CdKya,0.,1,285938
1223RQ5nzNGz2dzdyUbuEhnAVjFXZr5zpp,0.,1,285937
12Zkd9g82o2dNdSqiLgjMdawJZZQ8ixr4W,0.,1,285937
12sdkNTWCdkvjCRXkCtimKJnxQ4SaSrJSW,0.,1,285937
12u8K4isnMBy1jhVJXjcmpRMapqLBgXZyS,0.,1,285937
12uK5kNkqqZBSWVYBG44mzDJFYqEVrsMKT,0.,1,285937
12wz5Q4AvwYXa1LTPTx7hr9gyvRgi5G5sj,0.,1,285937
1477Xj2FcKk754YuxtUoCGmfdstcgvT9zp,0.,1,285937
14JMorJeXATajWrV5s5fugZX4Cgd2LrMmD,0.,1,285937
14LRgNZNJv2XiswCy6tE6TUvKQJyo3n5cQ,0.,1,285937
14LuA6JXfjzhHryb72QHpez1mege58HKiJ,0.,1,285937
14ioA56pu73ST54ozsVsDRSZbmRCoEUQDA,0.,1,285937
14kAFpXTUynt2uS2CX8KbwgqzKYrxjoziJ,0.,1,285937
14mVHGDJUCLQ2GwfYUUN27WrE4jZYZnXRZ,0.,1,285937
14ofMJWdqFw62u72fWBZPwodNtoFswjNNS,0.,1,285937
157mY6PTjmLxZwQuKqDLY7PkSaAmepC3L1,0.,1,285937
15ChBgybuBexhNroAbhwRuT7JKLQapbwDh,0.,1,285937
15EqyqgAgpEmxmPh99FQkzzEfLzKGi59RT,0.,1,285937
15NZF5AWXrF6mcSyqXfZJLzVehxiCNj41F,0.,1,285937
16N7U5zSLXeaZp5KW7bFATMJd5nKG9RZDu,0.,1,285937
16bdzrfgc3L9hbJsEPMYEpQx1unjRUFLaG,0.,1,285937
16pVAjhAMTSCZcaVCH1TWp5cQ53VwcamyS,0.,1,285937
16xnnQ7W1qE6iHG6sLuwjHD7e2dT3zgQGH,0.,1,285937
17SR76ykmhrkdqfGRZfpbc7HsXXZiKR3nF,0.,1,285937
17jf5J18EJgm2GJpNySxthJKcuMUd657L5,0.,1,285937
17juPDuwsE5o9pSnNLFfQvJk2KKrheLwFx,0.,1,285937
17r3o1q9cxAgv3ekovfpifuMSeCNy9HMbS,0.,1,285937
184XzogovWVYahNdTzgoC2CTWGGQGk64Nh,0.,1,285937
18eLAE5Fhjry44k85qTtxCLH14VVXRdwBd,0.,1,285937
19J8Zi2NqLW467u2uxHHmDVWhnrifpQehU,0.,1,285937
19TiuLZbYtRtGyHK7tZ8otaYWrwFnqhuyj,0.,1,285937
19cTtWaPKwcfZ2YNDmhz1VaiwGrgTb4i3B,0.,1,285937
19mPZSiNqFsWLwPK1cemn93nXcS3XP6Reo,0.,1,285937
1AaSQaWLrqqdQPv2UAwpraHxbv11RApjgL,0.,1,285937
1BSnkW8XnPZBrV9K7i9y1gx8XHg1L1iejG,0.,1,285937
1C2qAooVciV1RU9uVTVRkrRu9vC12zTKGt,0.,1,285937
1CP2YdKy7Xj4ocwirN1M3tPbuVgehtmA4c,0.,1,285937
1DngVSxYMsLVvgCCeoVr9ovCPP9QyUm2Nm,0.,1,285937
1EYdQEzt7Jyki3CzqkDRfbWuPV9JRAoaiD,0.,1,285937
1Eehh8RfggD9nBjCp1xWC6vSdg3soYQr1X,0.,1,285937
1Eyf6LkuAYB2J5uhxoWZMQfjPWTvfXuFM1,0.,1,285937
1FQRbeYwRCxzVjSAz8eZtSvgdyur51umXm,0.,1,285937
1FXeGFAf3E5vmovuZGcxrmHGnMKA7HWe7n,0.,1,285937
1FhBykqBwu4r43WUTGoT6xcBUvHLJfCqmq,0.,1,285937
1GXeUrQfEoDiDo3cuKvRVHwtt9W7bY8noD,0.,1,285937
1GahSWwjuwrTegUZ1aXNZ4G3deyhoPeBd2,0.,1,285937
1GettYS4gy1Szbo9oP6wKudV5XnJuCP6br,0.,1,285937
1JYjSacqRdfWL46hpq7tduLnhTwZy21vxe,0.,1,285937
1Jopz1duYQygMPuVg3sNYXXt1vAEShDXG5,0.,1,285937
1Jyo38ZcXKFayo2srRhzD4Etx4CvW6wamk,0.,1,285937
1KR8YZTRXeaPQEBnADtYyNTVUfysh99rPk,0.,1,285937
1KtBhwhrtwLuLvGMX1MkegQgmPr675z2S5,0.,1,285937
1KzHqkKyNWGS8HumCEjoyGpWp78Z3H3Qbz,0.,1,285937
1LyHePT7fuyK75mMdQev8dSiJXdD1TS8qh,0.,1,285937
1P1s5Sdi7xKN5LWr8iQLeth8PfSehxWCP4,0.,1,285937
1PU9VZ9d1H8DeGtojWpWg4DwftuaZjTFH2,0.,1,285937
1Pa6EPzraF1XrJ6FJVcjjaRQoEJ9nCybxa,0.,1,285937
1Q9S3gdi8jcsG3Ze14xKHQyN4ufeLaPNGh,0.,1,285937
12t1SxcQcsq2Tqzp3YFJcQgjcXciYq9LqM,0.,1,285936
15ifMVJhtcTP9bR2ahemErV9CXoteg2Exu,0.,1,285936
1A2BiGVQzvJSPrpjMa1q67Jp7cq8vqvLRL,0.,1,285936
1AxWZEMsHZHQhJuzaJ2v7HSrKyyEfq8hpt,0.,1,285936
1B5FvBN88KN3Lk2EDSUYriDXsMZ2N4xHES,0.,1,285936
1DNQNL2rfpbQFcWLjyzYL54oUdGbYSn9wx,0.,1,285936
1GVtSovcRgXiGyDpQ5NTxEs9oEj5AoMe7T,0.,1,285936
1GaShPyooUWQ3BCm4XFVvR9KX6xZ5AbXR5,0.,1,285936
1Jkpg1zoDa3BpDrsGhsZLA3g1zFPWegHCj,0.,1,285936
1KzJktCjiXREJagTc5WkFsC5Y7oSMzYewm,0.,1,285936
1LDteC686sDiRxYT8TgrbhkPN3Ncmm7nkU,0.,1,285936
