17uYPQPETCtqq78uEiK5fB1hJuCPTmAQWk,0.00000546,2,572027
1Hyr3AK1UfE6orWqB5rBQRnnVdQ6u8M6up,0.00000546,2,572026
1DEAonKvq75UwmTbNtZwcdj8SE2QdwdNJe,0.00000546,2,572024
1PfxvRgByCtVgXoF1ysv9CHUSHzYidP5ve,0.00000546,2,572024
1NbbNyjUt9et4KdNPLKsMTPmLnPCxVZZBu,0.00000546,2,572023
1Ess2oao4x74tLrSJSZi8xWDk8wwSezPYd,0.00000546,2,572022
1F6YFJ87GoSCGeGmUsVWoZHUxRkPeCpoGe,0.00000546,2,572021
1FcxWjgAQoHBCvzysWKodSNMJoDThxGt8p,0.00000546,2,572021
1GTQ9c6nRGCZqHK8swJw9NtiJXEKfs2AEa,0.00000546,2,572021
1GmXy4yzEKAGaKrXx5ju8GkKzBFqa2Ljzx,0.00000546,2,572021
17uvBEncpicoyuTgyxxtu2W52bez9M5XwV,0.00000546,2,572020
1BLLXYP2ptoYmqQiXbYcZVJ2VXcyrXVozv,0.00000546,2,572020
1Mgj4wHT2G2TMJ9xijpcPHvBHuocdL6JXG,0.00000546,2,572020
1HefEe8bi4VpmeyG8DHBw71RFjHA9M4UwT,0.00000546,2,572018
1LafGhVouAMwg2n2cbA5P6kY1MToQj8uJT,0.00000546,2,572018
1Dm4azDXCGEhLptZVx3wWNorBSYRZYbTjA,0.00000546,2,572015
1Eew3eEBCFjnMNpvCfSRT2364Bx5dX6CFm,0.00000546,2,572014
1HkBPLp925x3xJxJU6VoHTHHtBk76NHWgv,0.00000546,2,572014
1BrfbwoTw79kTM2pRYeXPn3bMgsw8cwrqR,0.00000546,2,572013
1hrh78XDNMLojSQE4cyJvFtvehCrQNJzZ,0.00000546,2,572013
1QiKUddpLQUnPsTz3Vs6KFxGT67RgiNMa,0.00000546,2,572012
15iFEdJCpWmqf1r6yYSjRcobgPUq9bbQnQ,0.00000546,2,572009
16mCNdbbAgq3Uj8XrzisRJMJDVoNzMTdWB,0.00000546,2,572009
1BhECdzaCH5LqHP7Gd9LLJy21yG3KxZtWb,0.00000546,2,572008
15AcXmogLYX1xtP662nPAhMke6rDb5mimu,0.00000546,2,572006
1NANY8NhMVPB3hyRXcihvz27QB15RW8Dzj,0.00000546,2,572006
1hmH6o1jHGuzoVjBWNfDXpx4XsrkscxPw,0.00000546,2,572005
1FZJ3Jox6T7KcwvjyGUHkxBAgh4c6Rz7Qy,0.00000546,2,572004
15Uqmwk3HfQ7F7ZYyNiwpxW8oiPm2gcYE6,0.00000546,2,572003
1E8aCUTJsxfhYFicGLSaXRKhWKQC9aQwab,0.00000546,2,571998
1Kt9Fc8rhKhy3EHsftqA9f7bJKPjioJi12,0.00000546,2,571998
1prqK8ZuKREMwWgCumyNxd5qdjxk6UfkV,0.00000546,2,571998
19fkwsVBPN5M6mz1b7WLLuuqgxNo48b5ej,0.00000546,2,571997
1Ks31Y14fEa7yewMsiPGLktsVzkVNaKEDU,0.00000546,2,571996
15gzvFEfgfsKF5PhQ6XPRgjcGrxbrhJnpk,0.00000546,2,571995
1KCPNjrf7otWszxAhxPpW5puwCcCupDZNu,0.00000546,2,571994
1MXudWXe67U96o3kr8iHhfNFWKukpP9xz1,0.00000546,2,571994
126vydtqWz1dzddxhySuG6edupKmEqMfV3,0.00000546,2,571993
1Ez5BmegEhfGL24E6jL4zHCD2e5oeHszKP,0.00000546,2,571993
1AjPgYkrG3g37NYCNCJ3Wbs6be4Ga2Q83t,0.00000546,2,571991
1PnPSGrw9uzWA6kgEuZC1cMvcSdhsTbmwv,0.00000546,2,571990
1BuCvX9LxaKARocmYGyprJ72N177Pe72Cp,0.00000546,2,571989
1EUtTXD38tFhD89KAbiPEk8phwarTxLLud,0.00000546,2,571989
1JcJ7L1aHFc9nXcX2fYckaQnt64GMRWHL2,0.00000546,2,571989
1MYmCssGj8jWMBjvhoLy5ADhBjNEXTwPS3,0.00000546,2,571989
1GKiMTpKU4rMDXLa4P71zA4nzkjNrs4NhR,0.00000546,2,571986
1NRmzGtgjvaHXGLXokk5TzQAzw7qU26szZ,0.00000546,2,571986
13uGDREAWLwBNuaQqjmDceCM54metgynqc,0.00000546,2,571982
1QLBWpsBuUYnRqDGN8kQ1kqgM6pADpqTbw,0.00000546,2,571977
122WtaQ7vyUaRkPcmdQMSymWA4zJBsaEd5,0.00000546,2,571975
19e1a87eWjCnSpsgq2wj7otPbrf7vdzqR6,0.00000546,2,571975
12TBn3nLZWaxFYE4mQeqjNDfv2vQbKWL2G,0.00000546,2,571971
15CYXbArttAfZ8qgh7iUiizDpQ4XuFNuZp,0.00000546,2,571970
1NP6xzxqpKGnGv9N68WUffeiw1fq9NyJDW,0.00000546,2,571970
1Fz3co3qUPgoKBKsrL7wB6oCVz1AHJoaty,0.00000546,2,571969
17TinFqY8Tu8r1XwybghRXE14socEyL7V4,0.00000546,2,571967
1FSNiimL2nHfqybfLjPNDdZtXBZgsg5ZaU,0.00000546,2,571967
13WySsjxrWSL5yubXt5hPwhqFvquoZwNxZ,0.00000546,2,571964
1Eigt7e3DDSEEHPMuX9fPYQpMPgdTycTFU,0.00000546,2,571964
1Dc2d6EwGuX41B43L7iGtdn3FjrJJsWr4Z,0.00000546,2,571963
1HboMsKvaPep8eEu95ScGrJRa4mCKnjCVP,0.00000546,2,571962
1ArxXaL8mwrpEDjwguz2nX2aSyNAwcvyRg,0.00000546,2,571960
1LHyhVvkbzv7ELxTMiEuewA69HXDQnjWGc,0.00000546,2,571958
18z33DD3fN852HWx69GrpKgmQS77fgPgf3,0.00000546,2,571951
1GiaYvdm5yBV9x8cbnuRiyfZiTuaqLf9DG,0.00000546,2,571951
13TFwNJfVDhqv9XgxhURiazAfuW7E3yekY,0.00000546,2,571948
1E6KAr5zsNcsDDDk2wowd8u8KVK4gWHo8o,0.00000546,2,571938
18PcFZn4JFnxoKhjoPd1G8FbBd7mhHNB2P,0.00000546,2,571937
16p7bZP9WEsbJNtGLZcAzzcjUxEFgwhE46,0.00000546,2,571910
1N8c8fikpLB1t3bvVzpz2Vn8QCmQTEjpoV,0.00000546,2,571909
14DFozNNu36iDoBjC7kKw6GxDNoYCgWkgT,0.00000546,2,571907
19TF4mCmGoKnzZHK4cAqqtfYoGZ3aRDphE,0.00000546,2,571905
1BNabT2rQE7Vo1WxFEMorT7oYdX73J9kcq,0.00000546,2,571905
1JTKraciNaK9VgAPJParD4YfQf4erzqSki,0.00000546,2,571905
177sLVDEK8MR6YnDgVDGshvWy5eiv9BVhZ,0.00000546,2,571904
135PrmuBwxaZ4AwKinCUk3Ma9iYSXgDN5P,0.00000546,2,571903
1HTLViErvG5V7PUfYdZcd1ZCmc9iwM56HB,0.00000546,2,571903
1EAPYaVNqJQE9SumePdmYb7PKbuo4GNtSg,0.00000546,2,571902
1EGCysoL2bfJ3f8CmmU8uZMwQciywivobB,0.00000546,2,571900
1DGxUos3L8Vr2oS6ALftTuVNZAXq49K6LY,0.00000546,2,571899
1GUwNbYxnqe95G5UsnRRzhXAYomUWcZDCE,0.00000546,2,571899
14sdFiBCqJSKyhGXMB7J9WMatjYjZpFKME,0.00000546,2,571898
14KkuwN3poYuzMiYZCdFCLjcNW8rRuHkby,0.00000546,2,571896
14CFLHoyEYxAFRn6MRDVn6vEnsWymdbLKG,0.00000546,2,571895
1UGUwJySWyDyBY3csnYvjNtDGnzq7iUw7,0.00000546,2,571892
1LYUkEt54kaTGPo83gh7zHA3Xxr5wdXmmC,0.00000546,2,571890
114tAiHjtAKYpRPLc4KvfdvSL8qUnwjYKM,0.00000546,2,571887
15J4qsHtx2jfZ67pRWXwRK7Gg5EEEU3nJ5,0.00000546,2,571887
16AnXt3pCfLtspcT5f3ChfuV8LGfYZhtoP,0.00000546,2,571887
1BHvQcanBmcevZVhbxc7qso14SjWmACbv9,0.00000546,2,571887
1D8sNqxLwBZJponunEBPcz7xhSP4duKp12,0.00000546,2,571885
1BkVCUY81cCdJaUzVpSZUvnkaUV29dfsWu,0.00000546,2,571884
18NrCbR7ZhjYjcTuKDsJN7wdv2vKy6Wttt,0.00000546,2,571883
12E3xmsS66ZFMBicAbqU9tFRBdiSd9oAQt,0.00000546,2,571882
15oHpRmSXRtZvBWqSnUn7h7u4ie6UxK8ua,0.00000546,2,571882
16Ba4wppK2ywx2e2cbKVXZRqxnEaCPf2Hw,0.00000546,2,571882
17taUykGzyqc3ijMdeueyc12bUkjf83ATK,0.00000546,2,571882
1P8VDz4ku6YGiUgHm5gyUt3QGi5XdrDDDj,0.00000546,2,571882
1PpVPwyU4eYUJKreWGhzizA25H93BVB89z,0.00000546,2,571882
1Y9MQTkfpbMBHiXQxgsnCewi1DDBCs7rT,0.00000546,2,571882
